# S.length=50
# X 0
X
0
# file_name./example/in/myGene.fa_1.idx
#load index from disk
# size of suffix tree in MB 0.00398731
# alpahbet size: 5
"a" "c" "g" "t" 
# alpahbet size: 5
# P2
# P.length()=14
> P2

22,12,3
5,11,4
22,10,5
6,10,4
24,10,3
15,9,3
9,6,3
44,6,3
31,5,5
32,4,3
8,3,5
43,3,5
15,2,3
# P3
# P.length()=22
> P3

22,20,3
5,19,4
23,19,4
7,19,3
2,17,3
19,16,3
47,16,3
27,15,4
47,14,4
19,14,3
27,13,4
48,13,3
1,12,3
5,10,3
22,9,4
5,8,5
23,8,4
7,8,3
27,5,3
28,4,3
46,3,5
18,3,4
43,2,3
7,1,4
5,1,3
23,1,3
# P1
# P.length()=16
> P1

9,11,3
44,11,3
31,10,7
10,10,3
45,10,3
2,9,3
19,8,3
47,8,3
48,7,3
22,4,3
5,3,4
22,2,9
5,1,5
23,1,4
7,1,3
# Time for algorithm: 0
